9 9 9 7 2
0 0 0.08302558 0.1728226 0.162925 0.1059246 0.19969 0.078762 -0.161301 -0.03361544 0.09569246
0 1 0.06356293 -0.02923824 -0.1559118 0.02618259 -0.1208943 0.04345783 0.1914083 -0.07025245 0.06191871
0 2 -0.188319 0.1883769 -0.1692925 0.1831298 -0.0145261 -0.1940172 -0.04553054 0.005795038 0.1896849
0 3 -0.1238402 -0.1025876 0.07653413 0.0673871 -0.08230287 0.02774861 0.09151377 -0.1724779 0.1757349
0 4 0.1618521 0.08065021 -0.02370976 0.154224 0.01852401 0.03216803 -0.1080974 0.1090056 0.1591531
0 5 -0.1942513 0.004095469 0.06315717 -0.1533145 -0.06896894 -0.1613058 0.1841449 -0.07907517 -0.08506089
0 6 -0.1120829 0.09989578 -0.01265128 0.1569423 -0.04854484 -0.006105 0.08907713 0.1625393 -0.1310278
0 7 -0.1808417 0.1961758 -0.1469354 0.01633955 0.1346688 -0.1484164 0.06772289 -0.1704438 0.04909734
0 8 -0.1143715 -0.1425429 -0.03014716 -0.001460523 0.09122723 0.07646832 -0.1531703 -0.05127923 -0.1983004
1 0 -0.0734723 -0.1705257 0.1663813 0.03783995 0.08324216 0.1967723 -0.0871905 0.003596648 -0.07237371
1 1 -0.01161379 -0.1950902 -0.07080495 0.1823952 -0.1348532 0.05598474 -0.03680413 -0.1272557 0.1128297
1 2 0.1060884 -0.01059086 0.06942665 0.01157358 -0.02103744 -0.09852511 -0.01040315 0.09851649 -0.1365322
1 3 0.1450863 0.08937764 -0.1913314 0.1108804 0.1101126 -0.1972656 -0.007804569 -0.03745057 0.1330649
1 4 -0.09740917 -0.01868162 -0.08706632 -0.1437077 -0.09646995 -0.06892782 0.1239573 -0.1206633 -0.1753537
1 5 -0.08009772 -0.09676678 0.1923102 0.1138681 -0.1646564 0.01848296 0.1636386 -0.05925874 0.1593116
1 6 -0.06772708 0.1149541 0.05051176 0.06490645 -0.1517569 0.1847257 0.1333045 -0.03227677 0.114219
1 7 -0.08104226 0.07750581 -0.1052027 -0.07353933 -0.009800186 0.1025974 0.1229198 -0.139395 0.09142588
1 8 -0.0001039374 0.04979611 -0.1141209 -0.06164553 0.08761627 -0.1003741 -0.1231715 -0.1303054 -0.004716729
2 0 -0.1288424 -0.1687818 0.05403403 -0.009814416 0.1472418 -0.0306287 -0.1565772 -0.1400775 0.04759531
2 1 -0.1174468 0.03768438 -0.06692472 -0.07179198 -0.0770122 0.1358068 0.01685317 0.004999558 0.001830878
2 2 0.1298491 0.1934416 0.1130334 -0.1102872 0.1909483 0.1747386 0.1270571 -0.03625748 0.09094515
2 3 0.07343254 0.1939185 -0.1726622 -0.04911412 -0.01192209 0.1785485 -0.0105576 0.06214697 -0.06349494
2 4 -0.139815 0.1287722 0.130264 0.125426 -0.1169621 -0.0697227 -0.1449979 0.04036662 0.02292066
2 5 -0.0416494 -0.1283119 -0.07319169 -0.04992773 0.1215013 -0.1173833 0.09779499 -0.05302053 -0.123747
2 6 0.08224987 0.1814447 -0.1597301 0.07929546 0.0631285 -0.0165007 0.07842615 -0.03000979 -0.1339959
3 0 0.02025747 0.1316673 -0.1503935 -0.04547326 0.1387656 0.06084083 -0.0006982501
3 1 -0.04333181 0.0762274 0.07156689 -0.1955769 0.1104037 -0.0172439 -0.1652893
